cam_model: Pinhole
cam_width: 640
cam_height: 512
cam_fx: 431.76205
cam_fy: 431.75855
cam_cx: 320.3404
cam_cy: 259.1696
cam_d0: -0.1080
cam_d1: 0.1050
cam_d2:  -1.2872e-04
cam_d3: 5.7923e-05
#cam_d4: -0.0222