feature_extract_enable : 0
pyr: 3
init_num: 100
linethre3d: 0.2
linethre3d_proj: 10.0
linethre2d: 10.0
lamda: 0.03
line_threshold: 10
point_filter_num : 2
max_iteration : 5
dense_map_enable : 1
cut_points_above_ground: false
grid_pts_num: 1
filter_size_surf : 0.15
filter_size_map : 0.3
filter_size: 0.2
down_sample_manner: 1
down_sample_num: 30
cube_side_length : 20
debug : 0
img_scale : 1.0
grid_size : 40
patch_size : 8
depth_search_radius: 40
theta_thre: 0.9
delta_dist_thre: 1.0
img_enable : 1
lidar_enable : 1
equalize: true
trans_thre: 0.1
rot_thre: 0.1309
outlier_threshold : 1200 # 
score_threshold: 1
edgescore_threshold: 500.0
ncc_en: false
ncc_thre: 0.5
window_size : 10
pure_imu: false
img_point_cov : 10000.0 # 1000
line_cov : 100.0 # 1000
projection_point_cov: 10000.0
triangulate_point_cov: 10.0
enable_projection: true
enable_triangulate: true
enable_line: true
enable_BA: false
laser_point_cov : 0.001 # 
cam_fx: 4.616e+02
cam_fy: 4.603e+02
cam_cx: 3.630e+02
cam_cy: 2.481e+02
read_enable: true
pub_pcl: true
encoding: "mono8"
map_dir: "/home/weilin/VIOLM/src/VIOLM/map/v2_01.pcd"
path_file: "path/path4.txt"
lines_file: "lines/line4.txt"
# first pose in ground truth
# -1.076119 0.492468 1.329941 0.606377 -0.005788 -0.795108 0.008771

#-0.2645470, -0.0014329, -0.9643717, -1.076119
#0.0198412,  0.9997792, -0.0069284,0.492468
#0.9641687, -0.0209672, -0.2644602,1.329941
#0,0,0,1

# bias in 2D-3D by Yu Huai
# 0.9998,   -0.0136,   -0.0133,0.0401
# 0.0136,    0.9999,    0.0058,-0.0059
# 0.0132,   -0.0060,    0.9999,0.0261
#0,0,0,1

## finally, calculate the origin_pose:
# -0.2776 -0.0148 -0.9606 -1.0602
# 0.0218 0.9995 -0.0216 0.4796
# 0.9605 -0.0270 -0.2771 1.3387
# 0.0000 0.0000 0.0000 1.0000
origin_pose: [-1.0602,0.4796,1.3387, 3.0637037, -1.289075, 3.0886586]


common:
    lid_topic:  "/livox/lidar"
    imu_topic:  "/imu0"

preprocess:
    lidar_type: 1 # Livox Avia LiDAR
    scan_line: 6
    blind: 5 # blind x m disable

mapping:
    normalized: false
    acc_cov_scale: 100
    gyr_cov_scale: 10000
    acc_Q_scale: 10
    gyr_Q_scale: 10
    fov_degree:    90
    extrinsic_T: [0,0,0]
    extrinsic_R: [1,0,0,
    0,1,0,
    0,0,1]

camera:
    img_topic: /cam0/image_raw
    #xiyuan
    Rcl: [0.01486554,0.99955725,-0.0257744,
         -0.99988093,0.01496721,0.00375619,
          0.00414030,0.02571553,0.99966073]
    Pcl: [0.06522291, -0.02070639, -0.00805460]
    # Rcl: [0.0148655429818, -0.999880929698, 0.00414029679422,
    #      0.999557249008, 0.0149672133247, 0.025715529948,
    #       -0.0257744366974, 0.00375618835797, 0.999660727178]
    # Pcl: [-0.0216401454975, -0.064676986768, 0.00981073058949]
    blind: 0
    
