feature_extract_enable : 0
pyr: 3
init_num: 100
linethre3d: 0.2
linethre3d_proj: 5.0
linethre2d: 5.0
lamda: 0.05
line_threshold: 30
point_filter_num : 2
max_iteration : 5
dense_map_enable : 1
cut_points_above_ground: false
grid_pts_num: 1
filter_size_surf : 0.15
filter_size_map : 0.3
filter_size: 0.2
down_sample_manner: 1
down_sample_num: 30
cube_side_length : 10
debug : 0
img_scale : 1.0
grid_size : 20
patch_size : 8
depth_search_radius: 30
theta_thre: 0.75
skip_depth: 0.0
img_enable : 1
lidar_enable : 1
equalize: true
trans_thre: 0.1
rot_thre: 0.1309
outlier_threshold : 3000 # 
score_threshold: 1
edgescore_threshold: 500.0
ncc_en: false
ncc_thre: 0.0
window_size : 10
pure_imu: false
img_point_cov : 1000.0 # 1000
line_cov : 100.0 # 1000
projection_point_cov: 100.0
triangulate_point_cov: 10000.0
enable_projection: true
enable_triangulate: true
enable_line: true
enable_BA: false
laser_point_cov : 0.001 # 
cam_fx: 4.616e+02
cam_fy: 4.603e+02
cam_cx: 3.630e+02
cam_cy: 2.481e+02
read_enable: true
pub_pcl: true
encoding: "mono8"
map_dir: "/home/weilin/VIOLM/src/VIOLM/map/v1_03.pcd"
path_file: "path/path3.txt"
lines_file: "lines/line3.txt"
# first pose in ground truth
# 0.898029 2.028208 0.955711 0.051153 0.827881 -0.050831 0.556249
# 0.3760067, -0.1410716,  0.9158154, 0.898029
# -0.0272564, -0.9895992, -0.1412465, 2.028208
# 0.9262160,  0.0281478, -0.3759410, 0.955711
# 0,0,0,1

# bias in 2D-3D by Yu Huai
# 0.9986,   -0.0467,   -0.0247,0.1440,
# 0.0465,    0.9989,   -0.0094, -0.0307
# 0.0251,    0.0082,    0.9997, -0.1073
# 0,0,0,1

## finally, calculate the origin_pose:
# 0.3539 -0.0954    0.9304    0.9224   
# -0.0184 -0.9953    -0.0950    2.0281   
# 0.9352 0.0165    -0.3540    0.8873   
# 0.0000 0.0000    0.0000    1.0000   
origin_pose: [0.9224,2.0281,0.8873,2.8793326,1.1955683,0.2632669]


common:
    lid_topic:  "/livox/lidar"
    imu_topic:  "/imu0"

preprocess:
    lidar_type: 1 # Livox Avia LiDAR
    scan_line: 6
    blind: 5 # blind x m disable

mapping:
    normalized: false
    acc_cov_scale: 100
    gyr_cov_scale: 10000
    acc_Q_scale: 10
    gyr_Q_scale: 10
    fov_degree:    90
    extrinsic_T: [0,0,0]
    extrinsic_R: [1,0,0,
    0,1,0,
    0,0,1]

camera:
    img_topic: /correct_img
    #xiyuan
    Rcl: [0.01486554,0.99955725,-0.0257744,
         -0.99988093,0.01496721,0.00375619,
          0.00414030,0.02571553,0.99966073]
    Pcl: [0.06522291, -0.02070639, -0.00805460]
    # Rcl: [0.0148655429818, -0.999880929698, 0.00414029679422,
    #      0.999557249008, 0.0149672133247, 0.025715529948,
    #       -0.0257744366974, 0.00375618835797, 0.999660727178]
    # Pcl: [-0.0216401454975, -0.064676986768, 0.00981073058949]
    blind: 0
    
