feature_extract_enable : 0
pyr: 3
init_num: 100
linethre3d: 0.2
linethre3d_proj: 10.0
linethre2d: 10.0
lamda: 0.03
line_threshold: 20
point_filter_num : 2
max_iteration : 10
dense_map_enable : 1
cut_points_above_ground: false
grid_pts_num: 3
filter_size_surf : 0.15
filter_size_map : 0.3
filter_size: 0.2
down_sample_manner: 1
down_sample_num: 30
cube_side_length : 20
debug : 0
img_scale : 1.0
grid_size : 20
patch_size : 4
depth_search_radius: 40
theta_thre: 0.90
skip_depth: 1.6
img_enable : 1
lidar_enable : 1
equalize: true
trans_thre: 0.1
rot_thre: 0.1309
outlier_threshold : 100 # 
score_threshold: 1.0
edgescore_threshold: 4.0
ncc_en: true
ncc_thre: 0.3
window_size : 10
pure_imu: false
img_point_cov : 1000.0 # 1000
line_cov : 100.0 # 1000
projection_point_cov: 1000.0
triangulate_point_cov: 10.0
enable_projection: true
enable_triangulate: false
enable_line: true
enable_BA: false
add_stock: true
laser_point_cov : 0.001 # 
cam_fx: 4.616e+02
cam_fy: 4.603e+02
cam_cx: 3.630e+02
cam_cy: 2.481e+02
read_enable: true
pub_pcl: true
encoding: "mono8"
map_dir: "/home/weilin/VIOLM/src/VIOLM/map/v2_02.pcd"
path_file: "path/path5.txt"
lines_file: "lines/line5.txt"
# first pose in ground truth
# -1.001979 0.479302 1.329542 0.592166 0.022374 -0.805147 0.024019

#-0.2976775, -0.0644752, -0.9524868,-1.001979
#-0.0075822,  0.9978450, -0.0651759,0.479302
#0.9546364, -0.0121794, -0.2975249,1.329542
#0,0,0,1

# bias in 2D-3D by Yu Huai
# 0.9998,    0.0174,    0.0025,-0.0216,
# -0.0174,    0.9998,    0.0046, -0.0761, 
# -0.0024,   -0.0046,    1.0000,-0.0472,
# 0,0,0,1

## finally, calculate the origin_pose:
#-0.2954 -0.0471 -0.9542 -1.0117   
#0.0020 0.9987 -0.0500 0.4267   
#0.9554 -0.0166 -0.2949 1.2825   
#0.0000 0.0000 0.0000 1.0000   
origin_pose: [-1.0117,0.4267,1.2825, 2.9737189, -1.2669833, 2.9831824]


common:
    lid_topic:  "/livox/lidar"
    imu_topic:  "/imu0"

preprocess:
    lidar_type: 1 # Livox Avia LiDAR
    scan_line: 6
    blind: 0 # blind x m disable

mapping:
    normalized: false
    acc_cov_scale: 100
    gyr_cov_scale: 10000
    acc_Q_scale: 10
    gyr_Q_scale: 10
    fov_degree:    90
    extrinsic_T: [0,0,0]
    extrinsic_R: [1,0,0,
    0,1,0,
    0,0,1]

camera:
    img_topic: /correct_img
    #xiyuan
    Rcl: [0.01486554,0.99955725,-0.0257744,
         -0.99988093,0.01496721,0.00375619,
          0.00414030,0.02571553,0.99966073]
    Pcl: [0.06522291, -0.02070639, -0.00805460]
    # Rcl: [0.0148655429818, -0.999880929698, 0.00414029679422,
    #      0.999557249008, 0.0149672133247, 0.025715529948,
    #       -0.0257744366974, 0.00375618835797, 0.999660727178]
    # Pcl: [-0.0216401454975, -0.064676986768, 0.00981073058949]
    blind: 0.0
    
