feature_extract_enable : 0
pyr: 3
init_num: 100
linethre3d: 0.2
linethre3d_proj: 10.0
linethre2d: 10.0
lamda: 0.03
line_threshold: 10
point_filter_num : 2
max_iteration : 10
dense_map_enable : 1
cut_points_above_ground: false
grid_pts_num: 1
filter_size_surf : 0.15
filter_size_map : 0.3
filter_size: 0.2
down_sample_manner: 1
down_sample_num: 100
cube_side_length : 20
debug : 0
img_scale : 1.0
grid_size : 40
patch_size : 4
depth_search_radius: 25
theta_thre: 0.95
delta_dist_thre: 0.5
skip_depth: 0.0
img_enable : 1
lidar_enable : 1
equalize: true
trans_thre: 0.1
rot_thre: 0.1309
outlier_threshold : 1200 # 
score_threshold: 1
edgescore_threshold: 4.0
ncc_en: false
ncc_thre: 0.5
window_size : 20
pure_imu: false
img_point_cov : 1000.0 # 1000
line_cov : 100.0 # 1000
projection_point_cov: 1000.0
triangulate_point_cov: 1.0
enable_projection: true
enable_triangulate: false
enable_line: true
enable_BA: false
laser_point_cov : 0.001 # 
cam_fx: 4.616e+02
cam_fy: 4.603e+02
cam_cx: 3.630e+02
cam_cy: 2.481e+02
read_enable: true
pub_pcl: true
encoding: "mono8"
map_dir: "/home/weilin/VIOLM/src/VIOLM/map/v1_01.pcd"
path_file: "path/path1.txt"
lines_file: "lines/line1.txt"
convert_map: false
# first pose in ground truth
# 0.3800119,  0.1646913,  0.9102020 0.878612
# 0.0306792, -0.9857245,  0.1655476 2.14247
# 0.9244727, -0.0349858, -0.3796397 0.947262
# 0 0 0 1

# bias in 2D-3D by Yu Huai
# 0.9958,   -0.0907,   -0.0072, 0.2072
# 0.0909,    0.9953,    0.0325, -0.0870
# 0.0042,   -0.0331,    0.9994, 0.0543
# 0,0,0,1

## finally, calculate the origin_pose:
# 0.3690, 0.2537, 0.8941, 0.8810   
# 0.0951, -0.9673, 0.2352, 2.1561   
# 0.9245, -0.0016, -0.3811, 0.9338   
# 0.0000, 0.0000, 0.0000, 1.0000   
origin_pose: [0.8810,2.1561,0.9538,-2.5888252,1.1064773,-0.6021401]


common:
    lid_topic:  "/livox/lidar"
    imu_topic:  "/imu0"

preprocess:
    lidar_type: 1 # Livox Avia LiDAR
    scan_line: 6
    blind: 5 # blind x m disable

mapping:
    normalized: false
    acc_cov_scale: 100
    gyr_cov_scale: 10000
    acc_Q_scale: 10
    gyr_Q_scale: 10
    fov_degree:    90
    extrinsic_T: [0,0,0]
    extrinsic_R: [1,0,0,
    0,1,0,
    0,0,1]

camera:
    img_topic: /cam0/image_raw
    #xiyuan
    Rci: [0.01486554,0.99955725,-0.0257744,
         -0.99988093,0.01496721,0.00375619,
          0.00414030,0.02571553,0.99966073]
    Pci: [0.06522291, -0.02070639, -0.00805460]
    # Rcl: [0.0148655429818, -0.999880929698, 0.00414029679422,
    #      0.999557249008, 0.0149672133247, 0.025715529948,
    #       -0.0257744366974, 0.00375618835797, 0.999660727178]
    # Pcl: [-0.0216401454975, -0.064676986768, 0.00981073058949]
    blind: 0
    
# 封存