cam_model: Pinhole
cam_width: 1392
cam_height: 512
cam_fx: 9.786977e+02
cam_fy: 9.717435e+02
cam_cx: 6.900000e+02
cam_cy: 2.497222e+02
cam_d0: -3.792567e-01
cam_d1: 2.121203e-01
cam_d2: 9.182571e-04
cam_d3: 1.911304e-03